-4.38406824181
-3.5357882771
-3.48975259306
-3.43972357843
-3.35932856814
-3.32599910869
-3.23638673688
-3.21601496497
-3.2012494903
-3.06381491006
-3.06211248042
-3.05061660128
-3.02854766444
-3.02644910991
-3.01041513624
-3.00520978995
-2.96508188723
-2.93910724891
-2.91310551378
-2.90539499404
-2.90484936625
-2.89554920389
-2.88826436252
-2.81498633763
-2.8025237843
-2.7942145784
-2.74664831242
-2.73226330782
-2.7267758786
-2.72358558357
-2.70580075348
-2.69618446331
-2.64492437446
-2.64429025011
-2.63526274701
-2.62648307037
-2.61790467861
-2.61344876454
-2.59929218229
-2.59428910916
-2.58317136212
-2.56655802489
-2.55784083105
-2.5404071673
-2.52563322665
-2.49246808829
-2.47910128095
-2.46199997505
-2.44825610974
-2.44609427868
-2.43236570097
-2.42892016265
-2.42851316684
-2.42366476256
-2.41387787518
-2.40238669282
-2.39775947206
-2.39319669046
-2.38759008444
-2.38436723289
-2.38378255847
-2.37775871151
-2.37541720464
-2.35864500862
-2.3575796006
-2.35697105583
-2.3497077146
-2.3485764453
-2.33760345353
-2.32980599637
-2.32353361581
-2.31622343108
-2.31265162244
-2.30813942391
-2.30787917622
-2.29953546112
-2.29937914882
-2.29877212346
-2.27683887345
-2.27373968229
-2.27231347177
-2.26373895222
-2.26301041716
-2.25298427079
-2.25286894296
-2.25189829902
-2.22165304474
-2.21500014464
-2.21354039341
-2.21315692801
-2.20596001579
-2.20466884737
-2.2003274185
-2.18315689403
-2.17922991366
-2.17395652382
-2.1704754558
-2.16716755499
-2.16629075082
-2.16244829849
-2.16006327567
-2.14879740134
-2.14875775702
-2.14386005719
-2.14054847278
-2.13984047913
-2.13271623104
-2.1267004834
-2.12584250828
-2.11639309588
-2.11565088643
-2.11323362183
-2.10774431792
-2.10676459343
-2.10169429883
-2.09992147049
-2.08697377214
-2.08491204168
-2.07462215673
-2.07347151732
-2.06716578528
-2.06232847339
-2.06129177701
-2.05997840098
-2.05500373545
-2.05166367201
-2.04911663438
-2.04790184577
-2.03528288487
-2.02466856862
-2.02443523614
-2.02405467253
-2.01896652469
-2.01694512115
-2.01510581246
-2.01158158596
-2.01046837837
-1.99664092023
-1.99539425735
-1.99198742837
-1.99174559724
-1.98795436618
-1.98677562809
-1.98586448419
-1.98065564664
-1.98018186747
-1.97683468696
-1.97294612932
-1.96978659621
-1.966925348
1.96548131977
1.96774814247
1.96858953809
1.97128089063
1.97254076117
1.97425410771
1.97763872213
1.98865392229
1.98910543097
1.99175317255
1.99412579941
1.9970607693
1.99784963401
1.99894065435
2.00632418197
2.00848547586
2.02016706572
2.02316101494
2.03060975517
2.03847079427
2.04230843799
2.04398128101
2.05082561806
2.0529473252
2.06339579625
2.06467518943
2.06889211188
2.08100021305
2.08421114637
2.08764913269
2.09567112919
2.09761381651
2.10554113242
2.11067639979
2.11345279685
2.12200891844
2.12424778635
2.12520540028
2.13299595067
2.14183345495
2.14525664283
2.15757567195
2.15893451725
2.16395802106
2.16513448626
2.16913178273
2.17873942593
2.17919501886
2.1821371746
2.18442453579
2.18875021048
2.19151425108
2.1928346285
2.1991350625
2.2036781722
2.20616148705
2.21269168797
2.21324771934
2.21645983253
2.21762876642
2.22000178288
2.22682396949
2.22769788214
2.25322904521
2.25696747489
2.25898838403
2.26553969057
2.27958386143
2.2811880643
2.28228661765
2.28462915373
2.29417310648
2.29542054771
2.30607030775
2.30614929766
2.30868119235
2.32331105694
2.32764998658
2.32871022684
2.33124750621
2.33564178265
2.33877596718
2.34532108761
2.34571467285
2.34629970877
2.36027969645
2.38073049303
2.38341052181
2.38937413254
2.40575631871
2.41474199832
2.41641291812
2.41972694016
2.42256162275
2.4375621375
2.44041993416
2.44349731031
2.4441013179
2.44884421639
2.44925889454
2.45062863515
2.45825781176
2.46831609736
2.4688256723
2.47929665335
2.48578867101
2.48778646212
2.49421363964
2.50839537254
2.51645864006
2.54096853606
2.55262054937
2.55907610065
2.56289010416
2.62577126328
2.64596238883
2.66339387285
2.69723503154
2.70387498896
2.71655270189
2.71872407398
2.76902323483
2.77125734114
2.84606555498
2.84741575828
2.8741058804
2.88905754136
2.90914221465
2.91254492373
2.96497279225
2.97512503567
2.98223665595
2.99793393137
3.00000437685
3.02806532222
3.02913599825
3.06394806171
3.08211153605
3.15151539958
3.27605050002
3.29790883283
3.35749508242
3.41696032808
3.47027817675
3.49002201657
3.52047590669
3.67190903495
3.76864589764
3.86337219514
3.86813099421
-1.96653319176
-1.95926700915
-1.95648556552
-1.95539907545
-1.95168552222
-1.95039405535
-1.94626044007
-1.94502958686
-1.94403655014
-1.93352796858
-1.93329271934
-1.93090193117
-1.92324181231
-1.92174418773
-1.91870789304
-1.90934530911
-1.90910363537
-1.90733638904
-1.90147527559
-1.90144467827
-1.89124703691
-1.88960739837
-1.88865324925
-1.88795332934
-1.88785642264
-1.88744624103
-1.88717589027
-1.88405435637
-1.87904046705
-1.87185239274
-1.8696397465
-1.86515240979
-1.8649474168
-1.86452585556
-1.86049773299
-1.85696306699
-1.85590065901
-1.84920697315
-1.84311354837
-1.84253902663
-1.84047734086
-1.83883863195
-1.83747093255
-1.83665534036
-1.82893085275
-1.82550955368
-1.82478710004
-1.8232606557
-1.82192607713
-1.82023658906
-1.8174829114
-1.81682205993
-1.81578787673
-1.81312619835
-1.81040638196
-1.80846772329
-1.80514838246
-1.79878470507
-1.79831663502
-1.79819132432
-1.79802478571
-1.79725261151
-1.79436603498
-1.79325496822
-1.79110447605
-1.78994233432
-1.78838999732
-1.78433918864
-1.78169005274
-1.78146617737
-1.78093920643
-1.78068289576
-1.77998815319
-1.77965852797
-1.7777507745
-1.77592594966
-1.77278943312
-1.77104390452
-1.77009349718
-1.7686435766
-1.76651703917
-1.7644032534
-1.76373023659
-1.76183370617
-1.75920093114
-1.75594841799
-1.75486518055
-1.75474423836
-1.7524090124
-1.75069016633
-1.74865935635
-1.74829812406
-1.74574036705
-1.74537929039
-1.74480522144
-1.74355702873
-1.74014136127
-1.73509863082
-1.73394530048
-1.73273121395
-1.72657123386
-1.72600214103
-1.72448002196
-1.72377651425
-1.72329737094
-1.72110528773
-1.71793597191
-1.71736018124
-1.71693127856
-1.71556896774
-1.7154704919
-1.71533604929
-1.71021976855
-1.70882311474
-1.70721578012
-1.70618308468
-1.70418178505
-1.70291254756
-1.70017068731
-1.69963834237
-1.69900961272
-1.69515139271
-1.6934155873
-1.69262616672
-1.69084138927
-1.68766304709
-1.68664903466
-1.68615105657
-1.6860608646
-1.68546942679
-1.68302090664
-1.68164830788
-1.6812287483
-1.66746477675
-1.66677809611
-1.66670896108
-1.66639081272
-1.66588234586
-1.66573188765
-1.66373408304
-1.66295610326
-1.66276128396
-1.66239152092
-1.66050631748
-1.65790068821
-1.65505692032
-1.6547823763
-1.65151674091
-1.64874714145
-1.64751013777
-1.64533187407
-1.64495856491
-1.64486292367
-1.63678001172
-1.63474149228
-1.63365657837
-1.63241734777
-1.6308250689
-1.62949193387
-1.62852554531
-1.62716042542
-1.62293724161
-1.62211763375
-1.62163940687
-1.61997894948
-1.61725807709
-1.61634453363
-1.61402913129
-1.61397190262
-1.6129940454
-1.61120262364
-1.61092697487
-1.60984193592
-1.60371427086
-1.60044217261
-1.5989906451
-1.59595975512
-1.59379842419
-1.59176763158
-1.59019397163
-1.58858832387
-1.58790880211
-1.58730706489
-1.58715238969
-1.58622605075
-1.58550753167
-1.58029850735
-1.57921687888
-1.57724889255
-1.57586186483
-1.57528819739
-1.57182355933
-1.57166539132
-1.57162267358
-1.567814547
-1.56726990851
-1.56646124373
-1.56596528033
-1.56419885895
-1.56386424962
-1.56331670272
-1.55828735486
-1.55636330206
-1.55633958561
-1.55471951945
-1.5545011556
-1.5537428508
-1.55366337246
-1.55357262741
-1.54894024548
-1.5469724335
-1.54654219364
-1.54520101598
-1.54265586514
-1.54180686938
-1.53585629669
-1.53553858875
-1.53529625184
-1.53322700823
-1.52984603196
-1.529433458
-1.52919416118
-1.52808662039
-1.52585189624
-1.52535101147
-1.52503753607
-1.52485006472
-1.52481740539
-1.52426260717
-1.52319088949
-1.52255209371
-1.52117477891
-1.51544550934
-1.51460403215
-1.51337660863
-1.50975227481
-1.50953816544
-1.50604263331
-1.50452303825
-1.50399254966
-1.50308311473
-1.50238920818
-1.5019418055
-1.50180455633
-1.499263818
-1.49096150184
-1.48898591972
-1.48447811361
-1.48424370714
-1.48418900111
-1.4824295441
-1.47937430698
-1.47794697177
-1.47641829799
-1.47637648439
-1.47593530727
-1.47579304909
-1.4743883388
-1.46822764441
-1.46770832788
-1.46588217004
-1.46501248209
-1.46437000585
-1.46286010385
-1.46126887138
-1.45473986914
-1.45216270254
-1.45184085872
-1.45139966596
-1.44966247533
-1.44955546233
-1.44920526769
-1.44451389588
-1.44290743083
-1.44261537283
-1.44248788955
-1.44055941125
-1.4401188247
-1.43843416368
-1.4335191939
-1.43042644938
-1.42893193316
-1.42838012454
-1.42764706076
-1.42589086019
-1.42428602283
-1.42411259935
-1.42400654396
-1.42079534835
-1.42054580646
-1.42013049415
-1.41571871448
-1.41486671175
-1.41484651075
-1.4143753716
-1.41419156258
-1.41309334825
-1.411829478
-1.41117609347
-1.40998849406
-1.4099582462
-1.40814741341
-1.40276666923
-1.40134459434
-1.39916928849
-1.39816326588
-1.3977745797
-1.39656025666
-1.39612091481
-1.39595151231
-1.39290649984
-1.39161720063
-1.39145292237
-1.39144724656
-1.39017434081
-1.38972238141
-1.38966774113
-1.38928935501
-1.38895411926
-1.38743786926
-1.38626115637
-1.38557565502
-1.38305104074
-1.38295821948
-1.3827491825
-1.38264057626
-1.38117581279
-1.37981106695
-1.3785260923
-1.37797615356
-1.3777937001
-1.37444619978
-1.37389406049
-1.3729963738
-1.37299168524
-1.37224391934
-1.37134970141
-1.37099601331
-1.36767090629
-1.36733053206
-1.36589974176
-1.36573830149
-1.36565711791
-1.3629935713
-1.3623460629
-1.36082495378
-1.3604171937
-1.36023367257
-1.3580840962
-1.35747167674
-1.35548945167
-1.35322123609
-1.35138678069
-1.35027252356
-1.35008414736
-1.34923028135
-1.34869900076
-1.34741898957
-1.34673270566
-1.34591705534
-1.34530582578
-1.34469417659
-1.34360515736
-1.34359349718
-1.34302286576
-1.34237221955
-1.34188587319
-1.34180715868
-1.34023769174
-1.3393809795
-1.33936055666
-1.33780555056
-1.3371053157
-1.33600293292
-1.33503484412
-1.33410204509
-1.33188700302
-1.33034068913
-1.32948441551
-1.32756457266
-1.32621402858
-1.32557362528
-1.32487822423
-1.32402654053
-1.3222513353
-1.31712578939
-1.31707422639
-1.31671197524
-1.31607344094
-1.31528749099
-1.31330579448
-1.31205641011
-1.31134412128
-1.31052818076
-1.30919234026
-1.30860838936
-1.30813834287
-1.30719139567
-1.30659684513
-1.30620367796
-1.30614071066
-1.3055577265
-1.30476721054
-1.30451943707
-1.30426516537
-1.30266134147
-1.30251167533
-1.30004666754
-1.29947988165
-1.29879197741
-1.29803305883
-1.29792521273
-1.2977017513
-1.29743226812
-1.29719606728
-1.29666012838
-1.29610867689
-1.29572947982
-1.29384213527
-1.29373254994
-1.29225889436
-1.29087431181
-1.29074426131
-1.29035539764
-1.28993390919
-1.28968563041
-1.28886704878
-1.28746627049
-1.2848194612
-1.28400199932
-1.28254463528
-1.28241202589
-1.28091290315
-1.28004933223
-1.27877239304
-1.27822078882
-1.27702228198
-1.27526430812
-1.27492624984
-1.27398181618
-1.27329397727
-1.27294784318
-1.27243302672
-1.27005587803
-1.26763734035
-1.26563997311
-1.26469985373
-1.26353196656
-1.26301588237
-1.26297722668
-1.26246846136
-1.2621781212
-1.2617508261
-1.25236423385
-1.25174438317
-1.2497198996
-1.24878721624
-1.24601178502
-1.24586177668
-1.24527674378
-1.24505266166
-1.24488375044
-1.24475087018
-1.24210005703
-1.24058260127
-1.23869391928
-1.23832151965
-1.23808173944
-1.23804579869
-1.23766113829
-1.23708497121
-1.23694983681
-1.23638807395
-1.23626494965
-1.23478710712
-1.23469450317
-1.23206426043
-1.231781332
-1.23049168219
-1.22849759486
-1.22795422501
-1.22670258812
-1.22463505135
-1.22427224724
-1.22413280195
-1.22344088544
-1.22238045672
-1.22043818353
-1.22017568139
-1.21921514587
-1.2181237903
-1.21699412879
-1.21373930683
-1.2121614845
-1.21175205816
-1.21061226324
-1.21007586958
-1.2080955866
-1.20799330488
-1.20767502397
-1.20711077355
-1.20578061589
-1.20462647412
-1.20451408898
-1.20442788526
-1.20390809377
-1.20387896435
-1.20301957856
-1.20258206351
-1.20162576901
-1.20138937139
-1.19901593674
-1.19850951337
-1.19799575194
-1.1978543385
-1.19762530256
-1.19666445919
-1.19557519903
-1.19519577932
-1.19499414642
-1.19267502446
-1.19146029155
-1.18819025796
-1.18809733532
-1.18793034781
-1.1876226129
-1.18615507471
-1.18598248164
-1.18299325246
-1.18180400586
-1.18117160178
-1.1809459933
-1.17986118456
-1.17902538422
-1.17888252763
-1.17707617727
-1.17654465907
-1.17549704768
-1.17328854158
-1.17322599793
-1.17225442216
-1.17010771372
-1.16527924036
-1.16358317025
-1.16228242009
-1.16129186664
-1.15992833155
-1.1599013156
-1.15909076314
-1.15892451637
-1.15813672874
-1.15794087196
-1.15733510896
-1.15663579839
-1.15652359869
-1.15632549196
-1.15618261771
-1.15516948544
-1.15468856055
-1.15460504398
-1.15355103419
-1.15213380315
-1.1514220561
-1.15026452284
-1.15004921937
-1.14863215165
-1.14839116593
-1.14715431012
-1.14695445845
-1.14664221792
-1.14662841125
-1.14541553693
-1.14505181287
-1.14496004854
-1.14103675601
-1.13821118399
-1.13749973667
-1.1363662302
-1.13412473387
-1.13321851097
-1.13284411349
-1.13229389673
-1.13068760649
-1.12903276859
-1.12885263465
-1.12809104373
-1.12380960973
-1.12161013005
-1.1213204847
-1.12118023529
-1.12083846572
-1.11868638333
-1.11719652692
-1.11679284048
-1.115696025
-1.11500472655
-1.11345159069
-1.11326679103
-1.11232940836
-1.11151518879
-1.10951929257
-1.10905798936
-1.10727831457
-1.10685088502
-1.10633365355
-1.10373198922
-1.10343838083
-1.10292568778
-1.10095426661
-1.10059039915
-1.10052661662
-1.10012658293
-1.09899383835
-1.09879222736
-1.09869742809
-1.09734814624
-1.09727305607
-1.09722996385
-1.096284749
-1.09596195217
-1.09581392153
-1.09368690219
-1.09012168816
-1.08958953322
-1.08871613596
-1.08841464007
-1.08799926986
-1.08791874126
-1.0866489694
-1.08646959739
-1.08613531679
-1.0848299146
-1.08336925332
-1.08323840939
-1.08307664922
-1.08071591075
-1.07925781833
-1.07730947009
-1.07720969827
-1.07610407125
-1.07599327553
-1.07374286621
-1.07296148001
-1.07048047934
-1.07021434322
-1.06936084967
-1.0676459897
-1.06754987676
-1.06511863461
-1.06304596726
-1.06130498258
-1.05925573849
-1.05837923288
-1.05805374703
-1.05753482045
-1.05565623734
-1.05252522688
-1.05215090679
-1.04943719251
-1.04926426143
-1.04812608331
-1.04778490582
-1.04771554203
-1.04663026913
-1.04535550469
-1.04491477639
-1.04318051141
-1.04112850508
-1.04089224204
-1.04026451344
-1.04007176177
-1.03975790601
-1.03923423883
-1.03902459438
-1.03815223675
-1.03801512289
-1.03666399294
-1.03632185496
-1.03605287825
-1.03507248965
-1.0343548703
-1.03281598129
-1.03232419143
-1.0309722174
-1.03063616534
-1.03025480365
-1.03011901121
-1.02999552844
-1.02980720792
-1.02978886732
-1.02963875252
-1.02858993208
-1.02683395992
-1.02656247463
-1.02654460016
-1.02646723661
-1.02551277737
-1.02525431778
-1.0240081518
-1.02205916599
-1.02124724947
-1.02124704858
-1.01779476696
-1.01681202354
-1.01675434131
-1.01605476228
-1.01259033319
-1.01237096884
-1.01211225731
-1.01133227566
-1.01097103216
-1.00511928469
-1.00362924503
-1.00302232139
-1.00293672819
-1.00267865094
-1.0023523776
-1.00216143487
-1.00212541967
-0.999832325193
-0.999756581261
-0.99671992509
-0.996270476504
-0.996174125112
-0.995917354534
-0.99579880002
-0.995497262876
-0.995467095243
-0.994785101592
-0.993646274356
-0.992924205994
-0.991683745212
-0.989761356931
-0.989661350792
-0.988174550371
-0.987059548549
-0.987025087106
-0.987006071794
-0.986664367483
-0.98553074478
-0.985445975364
-0.98416758909
-0.983686013796
-0.983472526483
-0.982313984943
-0.982204823071
-0.981464815029
-0.979997776179
-0.979398719696
-0.977859218491
-0.977449729021
-0.975628318353
-0.974903212849
-0.972706731375
-0.971774767009
-0.971322717988
-0.969580394536
-0.969475531526
-0.968627082267
-0.967641502203
-0.966507103739
-0.966473450811
-0.964706206049
-0.96448112033
-0.964297426498
-0.964091709333
-0.963452288455
-0.96297672337
-0.962632741578
-0.96110658182
-0.959866262768
-0.959379130877
-0.957350183879
-0.955212894155
-0.952933314714
-0.952215100141
-0.951508720112
-0.951207945424
-0.950811820466
-0.949710053528
-0.948973732633
-0.94747581083
-0.946527919202
-0.946376664176
-0.946284859088
-0.945599913474
-0.943051489813
-0.942562455936
-0.942428279858
-0.942213192692
-0.941909452871
-0.941027677803
-0.940456535936
-0.94017634278
-0.93921307775
-0.938866476623
-0.937572844728
-0.936630133514
-0.936477115107
-0.936373432727
-0.936140937094
-0.935085115327
-0.934709273981
-0.934276734098
-0.933838160674
-0.933115695157
-0.933050147493
-0.931234997281
-0.930822165066
-0.930067443497
-0.930000049201
-0.928649831353
-0.928017890851
-0.926895121861
-0.923612449602
-0.923580513415
-0.923057316533
-0.921115295631
-0.921025804321
-0.920196935966
-0.918439890099
-0.916003956735
-0.91036222427
-0.909844978223
-0.908590015647
-0.908114696633
-0.90803069364
-0.907352556357
-0.907227414193
-0.907054975477
-0.906590240735
-0.90540215483
-0.905264439553
-0.904861455087
-0.904176866476
-0.90357643101
-0.903015636945
-0.901904612914
-0.901899829624
-0.900264192582
-0.899826808888
-0.898637171495
-0.898504357583
-0.898465501731
-0.897742582957
-0.897692796997
-0.89522914287
-0.894443038959
-0.89420463458
-0.893961975087
-0.893162486287
-0.891996375236
-0.891680984931
-0.890419584663
-0.889015973976
-0.88889420901
-0.888727656814
-0.88769739334
-0.887690256039
-0.887493484261
-0.886288937336
-0.882071695248
-0.881747903234
-0.881442074582
-0.880785869172
-0.879372003726
-0.877466207254
-0.876457659675
-0.87642256857
-0.876106476201
-0.874481784052
-0.872804392652
-0.872795836939
-0.872221334039
-0.872133988566
-0.87210178351
-0.87154243845
-0.87051363794
-0.870016206814
-0.866393315556
-0.865526740232
-0.862983047856
-0.862754043203
-0.862278888718
-0.860256699505
-0.860073094803
-0.859610718092
-0.859577030865
-0.859288588922
-0.858617713179
-0.858289221777
-0.85791663417
-0.857499847913
-0.857119324998
-0.856131909667
-0.855871988153
-0.85500487924
-0.853625146302
-0.853132769207
-0.852234922388
-0.8517003699
-0.85115988555
-0.850059764772
-0.849641314841
-0.849176138812
-0.848800980586
-0.84773265722
-0.847044350684
-0.84692191553
-0.846459312511
-0.846447027615
-0.845103769164
-0.842725169899
-0.842331424861
-0.841473895605
-0.841010184049
-0.839871442814
-0.838780715191
-0.838112714037
-0.837903453642
-0.83735572207
-0.836953735681
-0.836919879383
-0.836017069408
-0.83569186823
-0.835352644646
-0.835124796454
-0.834548810856
-0.834436942819
-0.83399097856
-0.833035938995
-0.831984048968
-0.831698601643
-0.831665256683
-0.831659499784
-0.828209956054
-0.827846438882
-0.827353554315
-0.826548320056
-0.826198567147
-0.826174966606
-0.825874819779
-0.824708616661
-0.824555263865
-0.822074497075
-0.821967109573
-0.821637062071
-0.819855558283
-0.814950946975
-0.8148643027
-0.813911523435
-0.813908668959
-0.813718740192
-0.813425272153
-0.812829848346
-0.812781181447
-0.812120185742
-0.811741899846
-0.810939484356
-0.810723102947
-0.810105597911
-0.808880522286
-0.807919366828
-0.807881053412
-0.80777749031
-0.806347238103
-0.803127092466
-0.80180275891
-0.800884975123
-0.800834707498
-0.800393021501
-0.800386118287
-0.798443665073
-0.796058531893
-0.794622772925
-0.794102651548
-0.792833188181
-0.792420676688
-0.790959252293
-0.789293617043
-0.789280126767
-0.788648321294
-0.788198581705
-0.786380711373
-0.785936954705
-0.785734342836
-0.785436168066
-0.785366383206
-0.785360539573
-0.783631010859
-0.783583449555
-0.782759883586
-0.781213298375
-0.781208111135
-0.780901084375
-0.78021143738
-0.780068373666
-0.780055221288
-0.779260775209
-0.779084887997
-0.778935758365
-0.777476484228
-0.776033942332
-0.775145316453
-0.774733289086
-0.773272392553
-0.773110891989
-0.771860222158
-0.770407898657
-0.769643231279
-0.767491791213
-0.76574090561
-0.765473351336
-0.765074938332
-0.764004821318
-0.762433183774
-0.762230587734
-0.76080063618
-0.759967627656
-0.759823234617
-0.759646181974
-0.75958135447
-0.758945984838
-0.758756490043
-0.758548866226
-0.758446236016
-0.757721189664
-0.757303399611
-0.755892599065
-0.755726664761
-0.755551386369
-0.755024860267
-0.75464260191
-0.75454014248
-0.754292498382
-0.753968518828
-0.753751399697
-0.753169119047
-0.753067723929
-0.75122744798
-0.749857405575
-0.749718956514
-0.748717294372
-0.748646697325
-0.747240328644
-0.747137529109
-0.745697200201
-0.74439752585
-0.743897242351
-0.743768723029
-0.742565437247
-0.742458384222
-0.741778577674
-0.740420751912
-0.740240405232
-0.739710893612
-0.739574942447
-0.739453514447
-0.739236323876
-0.737915558739
-0.737486991939
-0.73742242449
-0.736686928011
-0.73605538299
-0.735799403525
-0.734924736565
-0.734725778274
-0.734647277068
-0.733647843901
-0.732953993821
-0.732067632011
-0.731717463337
-0.731264974367
-0.730356351007
-0.729882884242
-0.728468179504
-0.727613424133
-0.727153148596
-0.727046926005
-0.725821326534
-0.725633279087
-0.724789563244
-0.724344044842
-0.724261250928
-0.724182458396
-0.723963750185
-0.723821442218
-0.723117492285
-0.722320791846
-0.721777445441
-0.720143637543
-0.719408366364
-0.719253750178
-0.718398543807
-0.718010799671
-0.716768068385
-0.713262580955
-0.711216740943
-0.709106733869
-0.708330746978
-0.708302076748
-0.707433020161
-0.707047863715
-0.706806485002
-0.705259838004
-0.704704583375
-0.70450763635
-0.703392793152
-0.702892974657
-0.702739164403
-0.701572640265
-0.701045580534
-0.700783727824
-0.700538523349
-0.69979966619
-0.697240363244
-0.697113938331
-0.696832395797
-0.696276653367
-0.695508861543
-0.694926818743
-0.693584430314
-0.693230922354
-0.692849399412
-0.691689967274
-0.691531536986
-0.691411102681
-0.691327920018
-0.690372925023
-0.690131879184
-0.689847905609
-0.689436419684
-0.688954017889
-0.685780047272
-0.685608411977
-0.68498852395
-0.684502678063
-0.684138853586
-0.683923469854
-0.683786559038
-0.683426771219
-0.682878564796
-0.681332114689
-0.681122806456
-0.680704780462
-0.680424388572
-0.680353724887
-0.678170999888
-0.676998845844
-0.676228208418
-0.67622238052
-0.675895039748
-0.675750566809
-0.675672349561
-0.675533703135
-0.675395408423
-0.675328955022
-0.675304390615
-0.675296592815
-0.674902399978
-0.674851488177
-0.674241516958
-0.673441501445
-0.67269294974
-0.672015748343
-0.671712695883
-0.671496765712
-0.670603373698
-0.669132782038
-0.66840197296
-0.66568692185
-0.665038940674
-0.664509337472
-0.661663608843
-0.661620802554
-0.660933468337
-0.660562093648
-0.658978488261
-0.658112562799
-0.657773552813
-0.65761083113
-0.657164576867
-0.655070850325
-0.654882662909
-0.654555529994
-0.654346005834
-0.654108325722
-0.653812200525
-0.653641190244
-0.651737612307
-0.651659843168
-0.65136422709
-0.650841659076
-0.650390039857
-0.650303012708
-0.649519924883
-0.64934435056
-0.648828228388
-0.64866844996
-0.647747880045
-0.647424174322
-0.646423394776
-0.64516229781
-0.644545460094
-0.644460162175
-0.644155841363
-0.644117668576
-0.643939758729
-0.642839626527
-0.642718075889
-0.642026871683
-0.641292300581
-0.639103386354
-0.638214531819
-0.638185627074
-0.636971625245
-0.636713330805
-0.635851816799
-0.635757781661
-0.635343929546
-0.635172538882
-0.635057484461
-0.63497445734
-0.634962206367
-0.634045823819
-0.633820606183
-0.633587039048
-0.633369466468
-0.632934703397
-0.631990859897
-0.630996430802
-0.630461634502
-0.629494621341
-0.629374212805
-0.628215708961
-0.628106240161
-0.627571216016
-0.626921850796
-0.626757805991
-0.625281557727
-0.625129561816
-0.624883347553
-0.624441042214
-0.623780264375
-0.623676211861
-0.622290039724
-0.620848240777
-0.620703156262
-0.620453772757
-0.620305003019
-0.618928116881
-0.618329737845
-0.617809186842
-0.617716805378
-0.61672491073
-0.61564274808
-0.6152207368
-0.614158561386
-0.613801583523
-0.61298434776
-0.612539764448
-0.612332355358
-0.612314881646
-0.611969191133
-0.611636797309
-0.611428074457
-0.611066095085
-0.609779523747
-0.609329090443
-0.608369208832
-0.607941545961
-0.607899434873
-0.605965436418
-0.60590603106
-0.603609659619
-0.602319275008
-0.602137017377
-0.601130887304
-0.599432210326
-0.598076080206
-0.59781563038
-0.596982070605
-0.596195117905
-0.596056658946
-0.595313399018
-0.594081322098
-0.593708975426
-0.593376705463
-0.593040441492
-0.592971468073
-0.591650672056
-0.590915061972
-0.590574012956
-0.590195570005
-0.589384113057
-0.588890301303
-0.587888730989
-0.587646637355
-0.58700994961
-0.586644339584
-0.585386738025
-0.584829442545
-0.584551143914
-0.584500685037
-0.584351984371
-0.584135439665
-0.58348659418
-0.582733164888
-0.58236214588
-0.582108974876
-0.582039530317
-0.581795543005
-0.581412925485
-0.580520449571
-0.580101914521
-0.580041398425
-0.579698743129
-0.578646127726
-0.578435180894
-0.578194661532
-0.578040831298
-0.577476225251
-0.576842530873
-0.575905897944
-0.574820679489
-0.574290927007
-0.574272686945
-0.573729148681
-0.572009704735
-0.570725972097
-0.570258259883
-0.569936992764
-0.567615081912
-0.567187354873
-0.56677434382
-0.56595601368
-0.565787515808
-0.565437775361
-0.564383536398
-0.564041763657
-0.562844430203
-0.562483838947
-0.562368605322
-0.561123942308
-0.559844673968
-0.557571814537
-0.557429809402
-0.556787846688
-0.555110362866
-0.553800314773
-0.553448255214
-0.553447557023
-0.552860466332
-0.552190334212
-0.55211758155
-0.551559550352
-0.551277170801
-0.550572465179
-0.549795237098
-0.549794337088
-0.549694614617
-0.549222576584
-0.548987091852
-0.548969500418
-0.548147699962
-0.547963674024
-0.547472825181
-0.547421107397
-0.547067904703
-0.546941284922
-0.546473757813
-0.544702861105
-0.543697546666
-0.543327123221
-0.543069543931
-0.540538244757
-0.540488027499
-0.540197294649
-0.53968758611
-0.537946760957
-0.537344027778
-0.537036723033
-0.536865375705
-0.536318424806
-0.536218449163
-0.536106941964
-0.536097091919
-0.535759656771
-0.53546548743
-0.535338618186
-0.534323337414
-0.534104788809
-0.53376091391
-0.53348960715
-0.533176710626
-0.53294043554
-0.532831665366
-0.532812203123
-0.532112347041
-0.531554557242
-0.530053474425
-0.530014350531
-0.529917237743
-0.52957693516
-0.527754904621
-0.526827283574
-0.526808131563
-0.526081546334
-0.5257760504
-0.525665017477
-0.525316736528
-0.524174478397
-0.522278658468
-0.521708947755
-0.521487864892
-0.521371189159
-0.521006516542
-0.520596988691
-0.520455972024
-0.520383906756
-0.520226031909
-0.519167709815
-0.518929856641
-0.518725869331
-0.517774573503
-0.517271760443
-0.516220805008
-0.515762047043
-0.51525179321
-0.515163077318
-0.514991300543
-0.514829193103
-0.514199220203
-0.513828260783
-0.513304052701
-0.51272550195
-0.512566365484
-0.512449471923
-0.512358734533
-0.512355976246
-0.511415861085
-0.509586618164
-0.505767882096
-0.505049748929
-0.50320677299
-0.503124186061
-0.503046637769
-0.502771936086
-0.502513487006
-0.500692354973
-0.498977003276
-0.496403896017
-0.496290589256
-0.496068574623
-0.496060814817
-0.495972187899
-0.495888830442
-0.495305253858
-0.495186181189
-0.495169959178
-0.494401596706
-0.493898982919
-0.493556437117
-0.492083185902
-0.490692850565
-0.490523255446
-0.489818131567
-0.488747930779
-0.488628940567
-0.488160507607
-0.4873488391
-0.48690854565
-0.48656355682
-0.486249967493
-0.486240417629
-0.485259317027
-0.485226432852
-0.48486719466
-0.484343811152
-0.484115504018
-0.484069140798
-0.483981425566
-0.483578588413
-0.482221208285
-0.481846405442
-0.481350229878
-0.48083283025
-0.480832249346
-0.480365277481
-0.48018886937
-0.479816305834
-0.478534479076
-0.475173568864
-0.474301294309
-0.470922453543
-0.470696900471
-0.470654902274
-0.470651971065
-0.470174016252
-0.469928383105
-0.469187486731
-0.468845677708
-0.467513210746
-0.467379536012
-0.466923620851
-0.466718362421
-0.466597775661
-0.46612054606
-0.465557462934
-0.465546332189
-0.464804384553
-0.464265150556
-0.463190384703
-0.462952697624
-0.462710449939
-0.462058783128
-0.461193613211
-0.461103113914
-0.460873827506
-0.460607105103
-0.460192051424
-0.460185122976
-0.459653120249
-0.45929641558
-0.458008352374
-0.457868338242
-0.456956491212
-0.456258937361
-0.456073787389
-0.455792235592
-0.455675723017
-0.455434111095
-0.455311598483
-0.455102221342
-0.454878594586
-0.453742072603
-0.453247981877
-0.452533813278
-0.451945355077
-0.451902669172
-0.451345881344
-0.451192892861
-0.450838297211
-0.450401692078
-0.450183768137
-0.449833083287
-0.449774967839
-0.44932178819
-0.448770718631
-0.447451405196
-0.447164649762
-0.446799708341
-0.44661821646
-0.446527003508
-0.445901316571
-0.445740146208
-0.444002708811
-0.442563124074
-0.442477334218
-0.441235275965
-0.439836738373
-0.439778321885
-0.439683736274
-0.439500877111
-0.438076608509
-0.437527451256
-0.43752236428
-0.437337459197
-0.436543596613
-0.43610082565
-0.435969732305
-0.435865151645
-0.434886872652
-0.43484790732
-0.433649608445
-0.432264877493
-0.432024914937
-0.431550276787
-0.429949865228
-0.429784313609
-0.429445883327
-0.428853435164
-0.428445681232
-0.428306601619
-0.426992780228
-0.425730462889
-0.425319855118
-0.424834752176
-0.424239560045
-0.423951098963
-0.423763128238
-0.423394630711
-0.423047287962
-0.421823314013
-0.421524686646
-0.421122126044
-0.420896925852
-0.420871758246
-0.419466587271
-0.418868412357
-0.417976155956
-0.417825587005
-0.417063712417
-0.41636391381
-0.415658871599
-0.415049460665
-0.41471919393
-0.414598162549
-0.414416115059
-0.413659002259
-0.412291100778
-0.412008534444
-0.411838052728
-0.409844242207
-0.409405185112
-0.408846523437
-0.407680949251
-0.407601210584
-0.40692303818
-0.406826569689
-0.40673900009
-0.40542790475
-0.405354373829
-0.404008013773
-0.403433024202
-0.402918123669
-0.402416388537
-0.401414150403
-0.400631510786
-0.400073631359
-0.39997742076
-0.399274415696
-0.399207046304
-0.398270669251
-0.398012284826
-0.39682381469
-0.396309942333
-0.395817729003
-0.395316623478
-0.395290035167
-0.394040603578
-0.393654915525
-0.393214842598
-0.392429508749
-0.392343931973
-0.391815124698
-0.391543136475
-0.390614538405
-0.390560936057
-0.390529305109
-0.389358869734
-0.389206893157
-0.388381203305
-0.388137245815
-0.38743800273
-0.387384419132
-0.38723231504
-0.385254576108
-0.385219023249
-0.384970333323
-0.384605053008
-0.38406067957
-0.383895813902
-0.383326540551
-0.382864089858
-0.381067321974
-0.380880991149
-0.380755349516
-0.379985583382
-0.379978651878
-0.379765078485
-0.379141905859
-0.379012724362
-0.378305865642
-0.378267884315
-0.377881365142
-0.377560721793
-0.376831275535
-0.376157538947
-0.375676565965
-0.375473176343
-0.373351913989
-0.372095340325
-0.371799215295
-0.370763291901
-0.370503474882
-0.370406511487
-0.36999728871
-0.369893326386
-0.369821880133
-0.369585236549
-0.369156902524
-0.368357721589
-0.367893478566
-0.367629662886
-0.367263802547
-0.367149087521
-0.366647486607
-0.366055559791
-0.365984064343
-0.365789644477
-0.365409902975
-0.364982397081
-0.363235833394
-0.363195761623
-0.362951647472
-0.362707690404
-0.362278163937
-0.361802933061
-0.361094259816
-0.36101808033
-0.360554081852
-0.360308530261
-0.360208612079
-0.358346981854
-0.357647428482
-0.3557956666
-0.355680770399
-0.354251960168
-0.35411558978
-0.35351540041
-0.353475581153
-0.35245810903
-0.352430100818
-0.351999567476
-0.351589928718
-0.351133038694
-0.350549015056
-0.350542104607
-0.350176237111
-0.348868839689
-0.348832956854
-0.348774362033
-0.348621940464
-0.348292418058
-0.34680980785
-0.346575201649
-0.346444368544
-0.345168971287
-0.344463071024
-0.344457960781
-0.34431299111
-0.344269664627
-0.344236833234
-0.343954122892
-0.343844685643
-0.34375362336
-0.343657604069
-0.342984880906
-0.342346930302
-0.341141398799
-0.339928296561
-0.339326327077
-0.338852837505
-0.33730783553
-0.336963243436
-0.336745839094
-0.33664379344
-0.336553024638
-0.336506341074
-0.335497028733
-0.334814709833
-0.334770786618
-0.334751344804
-0.334677403169
-0.33460425673
-0.331011823618
-0.328803464397
-0.328289552554
-0.3279527042
-0.327455717785
-0.326821220332
-0.325472820681
-0.325425569153
-0.324772488815
-0.323262656833
-0.323186872515
-0.322912146527
-0.322728562373
-0.321349518609
-0.320670894383
-0.32050331715
-0.319999594074
-0.319665234218
-0.317388647884
-0.316638369548
-0.315753041071
-0.315505962007
-0.315394896366
-0.314869987886
-0.314696115923
-0.31270608544
-0.312612556167
-0.312243663551
-0.310857450893
-0.309957337692
-0.309740346582
-0.308077563807
-0.307676828778
-0.307335996841
-0.307180448883
-0.306944960239
-0.305851412991
-0.305614924864
-0.304768191768
-0.304589994868
-0.304488967051
-0.304410467832
-0.30102488676
-0.299967025242
-0.298872642861
-0.298451043512
-0.298439174903
-0.298127711968
-0.297555484759
-0.297522101454
-0.297003264234
-0.296624512053
-0.296119334901
-0.295757695442
-0.294190263879
-0.293152234888
-0.292305701359
-0.292074780227
-0.290625507455
-0.289853242613
-0.289732345957
-0.289646986187
-0.289623976342
-0.289260810149
-0.288769874063
-0.288278388445
-0.288097092697
-0.288085140086
-0.287986400213
-0.287461887008
-0.287426547262
-0.286948921643
-0.286552883938
-0.286545821076
-0.286054935299
-0.285804815548
-0.285105646562
-0.28403763334
-0.284033017968
-0.283938775471
-0.283845579152
-0.283728630032
-0.283584431977
-0.282375798198
-0.282179861248
-0.281859369324
-0.281316235146
-0.281096165888
-0.280864185361
-0.280590448068
-0.280441076129
-0.280391089047
-0.280041872774
-0.279941665493
-0.279821559781
-0.279096205438
-0.278721798926
-0.278061779642
-0.277158422217
-0.277157950658
-0.277009154976
-0.2766486839
-0.27618550077
-0.274818286879
-0.274595376679
-0.273382229268
-0.272523499491
-0.271975755183
-0.269688369211
-0.26877830345
-0.268683217359
-0.268625450739
-0.267762555687
-0.265181116722
-0.265097494097
-0.264865257388
-0.264599422786
-0.264496599138
-0.264134335935
-0.263353250952
-0.263326890763
-0.263307065874
-0.262341267609
-0.261889375081
-0.261690561879
-0.26156574912
-0.26130274858
-0.260972395
-0.260966074061
-0.260830517281
-0.260420128792
-0.260288116256
-0.26017174953
-0.258944454518
-0.257295222648
-0.257066076368
-0.256264627837
-0.256199670001
-0.255774394975
-0.25538008259
-0.255115754707
-0.255074722988
-0.254796125519
-0.254107513136
-0.253989066643
-0.253978646149
-0.253576842751
-0.252964792584
-0.252515326079
-0.252172934461
-0.252129483989
-0.251698761614
-0.251538345137
-0.250877649887
-0.250555887532
-0.250421193808
-0.248725306798
-0.248497099211
-0.248294120129
-0.248253824835
-0.247818158284
-0.247562895578
-0.24729282171
-0.247166554743
-0.247076225934
-0.246767395208
-0.24581435426
-0.245266352231
-0.245158962597
-0.245035301587
-0.244439490168
-0.243826684937
-0.243628083005
-0.242803074322
-0.242586670534
-0.241608405621
-0.24143361917
-0.241085310019
-0.24020888767
-0.238448617011
-0.238148633392
-0.237627064035
-0.237596358281
-0.237055132546
-0.236862052141
-0.235928084747
-0.235287710754
-0.233962066171
-0.233772092131
-0.233736081311
-0.23197818721
-0.231789669093
-0.231727058673
-0.231406502294
-0.230723735646
-0.229771084394
-0.22933986656
-0.229233861379
-0.229129258186
-0.228750889194
-0.226866037441
-0.226190216594
-0.225991387391
-0.225666999225
-0.22544994745
-0.224205389195
-0.224135866128
-0.224133244743
-0.224124102561
-0.223795774055
-0.223598476805
-0.221910525275
-0.221234639164
-0.220838570028
-0.21915320954
-0.218993923753
-0.21873432021
-0.218532196257
-0.216853829178
-0.216549280266
-0.216393121266
-0.215409478567
-0.21508377132
-0.21498910475
-0.214861682239
-0.214678616386
-0.213295831494
-0.21263761226
-0.211841968782
-0.211502607151
-0.21138232594
-0.21110021988
-0.210917798547
-0.209801013432
-0.209387772325
-0.20935202796
-0.208747477987
-0.208064475938
-0.207733327967
-0.206776868042
-0.206650773392
-0.206398443442
-0.205943036082
-0.205712924725
-0.204863519211
-0.204819239949
-0.204815156341
-0.204093467921
-0.20392328888
-0.203433715587
-0.201667664961
-0.200628720664
-0.200619607796
-0.198841544828
-0.198193764633
-0.197990164295
-0.197851737367
-0.1974788918
-0.197476806632
-0.196773064381
-0.196496025984
-0.195561762744
-0.193880199458
-0.193544450556
-0.192738897432
-0.191613073464
-0.191387305908
-0.191104925637
-0.190556622566
-0.190339722179
-0.190259984307
-0.189645938519
-0.18914980201
-0.188989387484
-0.188892724355
-0.188026769531
-0.187534247819
-0.186936610316
-0.183667091608
-0.182855593952
-0.18269946862
-0.182460316434
-0.182102178206
-0.181553516037
-0.180666171839
-0.180630408161
-0.178428547867
-0.178423087534
-0.177910373863
-0.176936741036
-0.176263395067
-0.176190046609
-0.176100419121
-0.175273356558
-0.174251957533
-0.173923883542
-0.173904117336
-0.173540291002
-0.172654144097
-0.172001669118
-0.171826291457
-0.171350575082
-0.171165028743
-0.170310447371
-0.169067583161
-0.167658932006
-0.167272808474
-0.16510782256
-0.165042477768
-0.164850731297
-0.164820033299
-0.164728816198
-0.164561600698
-0.164104783836
-0.163278605901
-0.163233816135
-0.163223622811
-0.162570713273
-0.162125844182
-0.161849843394
-0.161314244683
-0.159864069292
-0.159675804732
-0.159583466636
-0.159103485243
-0.158890798113
-0.158694437306
-0.158670063808
-0.158468656945
-0.158358381133
-0.158182489369
-0.158170433399
-0.157803298155
-0.15706378402
-0.157016196193
-0.156680241995
-0.156500246834
-0.155865247102
-0.155864897332
-0.155841533106
-0.155529380388
-0.154086017084
-0.153948479639
-0.153210322027
-0.152470711673
-0.151516826609
-0.151262586754
-0.150654076429
-0.1501044923
-0.149920156517
-0.149814045258
-0.149376677835
-0.149124684693
-0.149041261767
-0.149009894522
-0.148837539449
-0.148602180059
-0.14838511602
-0.148245205164
-0.146796508781
-0.145236420517
-0.144713140433
-0.143958482186
-0.143294810655
-0.143177160402
-0.142782041898
-0.142603201227
-0.14252979193
-0.142436762025
-0.14196736101
-0.140679383791
-0.140502593393
-0.140240967719
-0.140184800621
-0.139705180953
-0.139599735903
-0.139057352716
-0.138955995253
-0.137810327775
-0.137479842509
-0.136823167867
-0.136227030255
-0.136010729249
-0.135487186104
-0.134477245957
-0.134140656927
-0.133489733878
-0.13345477762
-0.132766040541
-0.13276209358
-0.130678615842
-0.129833093943
-0.129454866437
-0.128512199754
-0.128416546701
-0.126846793417
-0.126063748739
-0.125641654769
-0.125640056711
-0.124987125397
-0.124862159392
-0.123569099667
-0.123327380263
-0.123110568719
-0.122574485227
-0.122032195625
-0.120840118182
-0.120784000215
-0.11913427522
-0.118792772459
-0.118542819683
-0.11851864559
-0.116515326377
-0.11628630913
-0.116266814794
-0.114841286205
-0.114513129323
-0.114396753572
-0.114334268123
-0.114011519584
-0.11383408898
-0.112113528771
-0.111790897491
-0.111668997306
-0.111591486859
-0.110961706681
-0.110145833718
-0.109592315989
-0.109565734431
-0.107511994069
-0.107461394634
-0.106992045137
-0.106973330885
-0.105232642742
-0.104680961574
-0.104148707811
-0.103275507724
-0.103218889174
-0.1026397239
-0.102271871079
-0.10217525265
-0.102118068266
-0.10166158563
-0.101221538556
-0.0999487533992
-0.0999038802445
-0.0998474144008
-0.0997759695584
-0.099323841261
-0.0992187602892
-0.0982635603964
-0.0981874494692
-0.0975101811755
-0.096985322132
-0.0965789636234
-0.0965687684945
-0.0962053558317
-0.0961600307744
-0.0959278542962
-0.0953439105371
-0.0936772489353
-0.0930531769069
-0.0930480116197
-0.0927905504818
-0.0922861265355
-0.0913743146026
-0.0910783280671
-0.0910127757363
-0.0906699867884
-0.089596917145
-0.0867801081345
-0.0866707162526
-0.0866558189632
-0.0863599757468
-0.0859385571555
-0.085854772208
-0.085585754917
-0.085506730425
-0.0855048346302
-0.0847329367095
-0.0839095036546
-0.0835400193278
-0.0824119381184
-0.082310682491
-0.081722676834
-0.0815991344052
-0.0810213825106
-0.0804847869207
-0.0795991437872
-0.0781983677021
-0.0779840679065
-0.0775133507137
-0.077497909283
-0.0761086106269
-0.0760086570453
-0.0758146284953
-0.0750861473981
-0.0734317098311
-0.0726499159817
-0.0724712631338
-0.0714737964461
-0.0706153730908
-0.0699082613918
-0.0693359734348
-0.0688931167895
-0.0688125723408
-0.0683859288483
-0.0679098472224
-0.0677428468362
-0.0676344475936
-0.0672495488675
-0.0654955131666
-0.0653703191489
-0.0649588058643
-0.0633761418019
-0.0632748133392
-0.063021751142
-0.0629682459514
-0.0629549897967
-0.061564744468
-0.0612052248326
-0.0605468963055
-0.060454688004
-0.0603639888489
-0.0584425725079
-0.0583728844169
-0.0580196731659
-0.0579834088494
-0.057003466357
-0.0567077739587
-0.0563688059173
-0.0561483727158
-0.055909383416
-0.0558749851922
-0.0551223829275
-0.0547647184133
-0.0543069516485
-0.0542520387228
-0.0536198433462
-0.0523198524103
-0.0508929346997
-0.0499514572823
-0.0486169441974
-0.0467191398066
-0.0455981272467
-0.0453534451762
-0.0452777518123
-0.0449083910801
-0.0448061168765
-0.0445505425576
-0.0443639233553
-0.043602442514
-0.0424868457034
-0.0414004048647
-0.0406693376569
-0.0405910885503
-0.040567675465
-0.0396022022523
-0.0395695566188
-0.0389779889935
-0.0387996638591
-0.0385923331891
-0.0368928189423
-0.0367935397327
-0.035274212888
-0.0351448623585
-0.0344258666926
-0.0343554072539
-0.0341518156399
-0.0334264813567
-0.0330017605652
-0.0324543471446
-0.0315011865713
-0.0314997380458
-0.0314630884112
-0.0312174486475
-0.0310770492084
-0.0303506385403
-0.0301299718139
-0.0300075667436
-0.029929593436
-0.0296484309743
-0.0290486168936
-0.028744202392
-0.0284417758072
-0.0281884529951
-0.0279295351511
-0.0274710760565
-0.0271291153828
-0.0259549546123
-0.0258019539909
-0.0254438821846
-0.0248370093064
-0.0244806773231
-0.0237010916953
-0.0235249749573
-0.0232385708521
-0.022262633871
-0.0218636609213
-0.0216376683553
-0.0210346222642
-0.0206087068611
-0.0198651557968
-0.0197829985926
-0.0197646259625
-0.019564025898
-0.0191268251809
-0.0183735867585
-0.0180361629937
-0.0176866928501
-0.0168143299994
-0.0166424285481
-0.0160037963827
-0.0151837381966
-0.0140918805677
-0.0135875346298
-0.013547430092
-0.0124609937042
-0.0119391132188
-0.011737304474
-0.0114042432035
-0.0111968602568
-0.0111714866124
-0.0106306270893
-0.00995857769142
-0.00995477550758
-0.00990581918504
-0.00971024571982
-0.00930847465665
-0.00906231188448
-0.00825283338681
-0.00717142137607
-0.00621154750846
-0.00581554522294
-0.00458116208418
-0.00419956334908
-0.00413896602937
-0.00406383448415
-0.00229019618228
-0.00190176649463
-0.00160377190947
-0.000961128641441
-0.000235691560779
0.000217905933197
0.000609716231027
0.000634978671042
0.000886908907696
0.0010995757923
0.00110833470378
0.00138454296602
0.00142120115612
0.00148024120222
0.00151047322316
0.00167983795093
0.00170094356468
0.00172717092379
0.00184193418372
0.00244810366767
0.0041026726308
0.00470031818154
0.00594234878664
0.00603867000606
0.0060414801318
0.00632853696717
0.00648440778682
0.00700097123695
0.00781510301043
0.00841288501516
0.00885098602741
0.00885722633192
0.00895759950614
0.00974688613417
0.0100595941124
0.0101059125085
0.0107432408458
0.0113095177565
0.0115204779081
0.0118122084637
0.0125720607134
0.0129483742646
0.0157653327489
0.0162313796207
0.0167061194157
0.0167513813807
0.0167989281542
0.0171664184864
0.0176772857515
0.0178144895432
0.0186500494793
0.0190343770916
0.0193278949242
0.0194557647678
0.0196064652321
0.0203250263783
0.0204434187717
0.0210308551023
0.0226264282024
0.0228858451399
0.023123403219
0.0232724561398
0.0232849088516
0.0233315134727
0.0243025480852
0.0246571357318
0.0254857525698
0.0259547984093
0.0265094442369
0.0267377131863
0.0275346877302
0.0284057018572
0.0285602234879
0.028924176383
0.0307739254604
0.0311817427489
0.0317343646029
0.0320706757757
0.0327304279461
0.0329690817137
0.0332497586633
0.0347022470157
0.0355642006307
0.0356150153724
0.036429763467
0.0367358068519
0.0377951545352
0.0379973039927
0.0381239402906
0.0382722153633
0.0389212696936
0.040588575312
0.0406547354645
0.0414302139639
0.0419173433645
0.0419881128624
0.0429006232102
0.0438760799245
0.0439363017686
0.046205231564
0.0470428133764
0.0480003525441
0.0481780043158
0.0488276726903
0.0489212436494
0.0496834900688
0.0496895573232
0.0503356591012
0.0508612774345
0.0509412771622
0.0514968259441
0.0516900717632
0.0526681783502
0.0528629718076
0.052893545572
0.0547220909816
0.0548565302469
0.0551413139774
0.0552739866362
0.0552823867214
0.0565183871464
0.0566581172634
0.0573132028028
0.0582708579755
0.0586658626434
0.0586669939121
0.0592855957458
0.0598308683931
0.0605862821827
0.0613280555339
0.0615469170721
0.0616888714758
0.0619924147285
0.0626262134244
0.0646320992637
0.0649859510135
0.066139044562
0.0663610506295
0.0672233960926
0.0672964772289
0.0680527724222
0.0691105959455
0.0698561896374
0.0706031216209
0.0709308085029
0.0719878709663
0.0726554477446
0.0726686516838
0.0728759474802
0.073409541492
0.0734226864946
0.0734577306285
0.0735576352233
0.0741758499799
0.0745486780434
0.0753721032362
0.0756904828577
0.0766456675109
0.0767323396263
0.0772962736789
0.0778390046264
0.0779615862292
0.0781461807527
0.0781558435484
0.0802758259001
0.0804149605324
0.081014541046
0.0849191268638
0.084931890468
0.0851207905913
0.0852323100663
0.0856194392324
0.0861388401089
0.0865770493453
0.0867907639499
0.0878690979802
0.0883968170096
0.0885711592596
0.0894754271498
0.0897427812643
0.0899062721679
0.0901287235984
0.0906969204255
0.0911035949912
0.0913057461735
0.0931657423572
0.0938724187184
0.0944568110004
0.0947093741924
0.0948855441016
0.0963036626264
0.0964878409574
0.0965494139266
0.0969871499148
0.0980819391865
0.0981717037673
0.0996244939913
0.0999853859192
0.100187333868
0.10126873953
0.101832399533
0.102472416024
0.102728407025
0.10285190104
0.10479357808
0.105504175452
0.105517791447
0.106021349792
0.106211328394
0.106663500015
0.107482050911
0.107731008431
0.108106275255
0.108450552023
0.108643723012
0.1090013373
0.109119265563
0.109452241632
0.109741272507
0.109836198757
0.110598667721
0.111761164892
0.111816052409
0.112456006326
0.112476775184
0.113091978926
0.113200248404
0.113472974319
0.114431843243
0.115346213766
0.115381260475
0.115647926197
0.116074292245
0.116354100096
0.116435808849
0.116542229259
0.117120643078
0.117394614959
0.117517397957
0.117608690958
0.118219736077
0.118912071253
0.119367667801
0.120246296564
0.122567500958
0.123809811128
0.123992281745
0.124170230091
0.125312001293
0.125351900847
0.125490522313
0.127691851863
0.127828069998
0.127839481633
0.128251407425
0.129476364869
0.129496699985
0.129827800451
0.129984764802
0.130587503655
0.131118973612
0.131189965894
0.133297399236
0.133482350099
0.133764373951
0.134522759035
0.135442999669
0.136720939659
0.136830722299
0.137035255482
0.137090362516
0.137318432943
0.138013464076
0.138366368783
0.13854306712
0.138804334104
0.14201894035
0.142199602865
0.142743550036
0.142848356347
0.143290448304
0.143638350527
0.145997415359
0.147917904155
0.148122796657
0.148167746498
0.148673968158
0.149002846644
0.149399710102
0.150437144943
0.151957129376
0.152972621888
0.154093838346
0.154283311666
0.154311258392
0.154653792767
0.155142034484
0.155881825273
0.1559444426
0.156602795905
0.157098978826
0.158079454361
0.158790700469
0.158816877975
0.159024600646
0.159620793864
0.159863516993
0.161125224627
0.161288502539
0.161646219562
0.161970509744
0.162467965135
0.162600868351
0.162802420436
0.162985877623
0.163525011611
0.163792359839
0.164106721523
0.164460223975
0.164737198426
0.165593979874
0.166062728759
0.16645886577
0.166545456588
0.166734989757
0.167273265222
0.167593823776
0.168854044908
0.169282022235
0.169646768118
0.169774189043
0.170007793143
0.170138344003
0.171546205058
0.171596646176
0.17192700598
0.171932588404
0.17251030754
0.172891810627
0.17317129368
0.173197803919
0.174148556381
0.174213420156
0.174283710221
0.174444084922
0.176810420342
0.177012559643
0.178013971118
0.179278754263
0.179428385563
0.180040241059
0.181328394721
0.181511864528
0.181626419233
0.181750056652
0.182053801383
0.182499319977
0.183390002212
0.183858351084
0.183859397895
0.184128061725
0.184382765493
0.184546912461
0.18455383886
0.185634141783
0.185642110325
0.186370599032
0.187990606602
0.188071698226
0.188155490786
0.188266085295
0.189318315894
0.190884212643
0.191137631659
0.192068351807
0.192532074265
0.192970538864
0.192976352828
0.193255377728
0.193382496786
0.193441766809
0.194304729354
0.194947993833
0.195701752867
0.197109660991
0.197262311487
0.19732073669
0.197391416001
0.198295883326
0.198529505607
0.199026304416
0.199329313226
0.199387301761
0.199533861193
0.199709485517
0.200071405316
0.200464185027
0.200988038023
0.201096906719
0.201254648208
0.201475479773
0.201507113521
0.201622596475
0.202401364029
0.202636759743
0.202785183156
0.202918078824
0.20296990916
0.203442734466
0.203887126104
0.203919294479
0.204254025192
0.204818475515
0.205514664553
0.206111152472
0.208228340763
0.211049425372
0.211208338022
0.211682277405
0.21231824746
0.212331539501
0.213085882582
0.213109171926
0.213446529732
0.214768096338
0.215110365946
0.215702343618
0.216220666873
0.216959431835
0.217599993966
0.217773361392
0.217945167065
0.218962482972
0.219800489132
0.220944369038
0.221122398365
0.221339691143
0.222067844207
0.222271592341
0.222566448859
0.222787213657
0.222910954764
0.223179310082
0.223181483474
0.224259571528
0.224612832814
0.225417005873
0.225622634059
0.225648064336
0.22572777384
0.225777702976
0.226305487557
0.226389630848
0.22665274309
0.227221556919
0.227926720638
0.228276325742
0.228792032888
0.229084766768
0.229846183121
0.229973070503
0.231618400432
0.232053350835
0.233081839644
0.233574422212
0.23378974514
0.233814167779
0.233867649378
0.233902620758
0.233971625498
0.234292935866
0.235354493513
0.236019691862
0.237520006217
0.237556430136
0.238105790887
0.238527804694
0.239332692652
0.240475458566
0.241639508082
0.241914251539
0.242289432066
0.242335800321
0.242428947174
0.242654371226
0.242659049084
0.242924360838
0.242943900199
0.24311709064
0.243600734449
0.244774830007
0.244786296819
0.244801151414
0.244952105896
0.245047361607
0.246746341735
0.24704428715
0.248083972402
0.250013372317
0.25009298827
0.250291063283
0.251574927622
0.252648204675
0.252982446705
0.253693376972
0.25385716294
0.254198839395
0.254357215573
0.254840583107
0.257172475665
0.25762909903
0.258024672119
0.258054411319
0.259031024291
0.259171069466
0.259824545166
0.260389467084
0.261831917031
0.263068284748
0.263097039789
0.263178026496
0.263751701622
0.266221727716
0.266581193354
0.268278235667
0.268607362702
0.268906235215
0.2699978332
0.2703575839
0.271202936055
0.271253622012
0.272218726996
0.272404553664
0.273460858083
0.274355766808
0.274772015775
0.275254101578
0.27655402835
0.277322306118
0.277327868439
0.277395227891
0.277704360049
0.278261317129
0.279326533982
0.279948174277
0.280961060125
0.281547576927
0.282420386762
0.282758106954
0.283023651187
0.283958475341
0.284304781681
0.284407163917
0.284730516073
0.284764762126
0.285060908987
0.285814786875
0.286039339605
0.286153765756
0.286367914102
0.286377006556
0.286522145581
0.286851080834
0.286903646364
0.287454067497
0.287733160316
0.287919825654
0.289457820853
0.289948100532
0.290359575873
0.290728094751
0.29138473158
0.292197420233
0.292200315794
0.292591406598
0.293429140877
0.294232550701
0.294949301576
0.298433032336
0.298759959934
0.299122741588
0.299679530734
0.299953969577
0.300090926502
0.300560225392
0.301702964853
0.301857583499
0.302062363562
0.30209605518
0.304124111356
0.304304427846
0.304614565303
0.305019334764
0.305894214313
0.306018099182
0.30616670927
0.306364733856
0.307075719434
0.308994223997
0.310565162405
0.311049990573
0.312603495701
0.312879505572
0.313035923793
0.315806449218
0.317501630027
0.31770533644
0.318488216246
0.320011408632
0.320070109586
0.32105785379
0.321199111429
0.322037013904
0.322133561742
0.32294973428
0.322994257279
0.326889797037
0.327841368257
0.327939410938
0.32969507819
0.330291130483
0.330457103836
0.331668065982
0.331771691392
0.33249668832
0.333616805484
0.335518857867
0.335684436546
0.33626236835
0.336330610072
0.336593528187
0.337150668177
0.337307616396
0.337453228725
0.337715033921
0.338068759098
0.33816549004
0.338308005625
0.338542501233
0.339479802804
0.339544351757
0.340377260063
0.340899847786
0.34158915169
0.341835864095
0.342323054144
0.342733052048
0.34281818834
0.343079537371
0.343129693903
0.343990828414
0.345518332788
0.34553718865
0.345696007345
0.346513955089
0.346885353176
0.347666212851
0.34896354756
0.349428273627
0.349518341558
0.35117283454
0.351278571814
0.35147439431
0.351732144326
0.351772442474
0.351821925124
0.352636015404
0.353213392293
0.353360980229
0.354288768474
0.354691692068
0.35584669658
0.356014237326
0.357954256603
0.358281697446
0.358323092734
0.358563360369
0.358812201639
0.359652356658
0.360976297599
0.361742816871
0.362598631625
0.362763881482
0.362767630382
0.363307230331
0.363779924911
0.363798199214
0.364008634128
0.364070850061
0.365136576179
0.367072316966
0.367547679168
0.368742504648
0.369328975379
0.369361812675
0.369422873758
0.369659042633
0.369671860459
0.369700144076
0.370340332403
0.371415634895
0.3720162029
0.372478273587
0.372540170568
0.372612253779
0.372905362993
0.373613836366
0.374057688312
0.374089934049
0.374197417488
0.37447193353
0.376090870001
0.376281332158
0.376618442299
0.377913371218
0.37857678307
0.37946083087
0.381240388352
0.381952834044
0.382373102575
0.38271019931
0.382766336596
0.3833020079
0.385651098848
0.386589963007
0.386708133377
0.386996386363
0.387236262701
0.387439956272
0.38775274138
0.388299067848
0.388626354516
0.388876883154
0.389054384801
0.390445911696
0.390702807854
0.390849991608
0.392032863515
0.392093431162
0.392491062819
0.392775453283
0.394432372172
0.395592912836
0.395760091895
0.395800076651
0.396446934931
0.397167245379
0.397799467717
0.398070201551
0.39810492845
0.399740640649
0.400222842286
0.40069539159
0.401319152231
0.402096620542
0.40307756133
0.404006695124
0.404697542933
0.404803044687
0.405231209608
0.405335987309
0.405450053115
0.405565231152
0.406129624678
0.406410188075
0.406622808651
0.406839158301
0.408826999963
0.408992586363
0.409619653492
0.409928457567
0.409988415249
0.41176921024
0.411848957051
0.412763688994
0.413057051817
0.413185989689
0.414837584717
0.41517910338
0.418729848847
0.419167101708
0.419980766187
0.421119356168
0.421120953632
0.421466226755
0.421496364028
0.421883326008
0.421894009157
0.422082261133
0.422387399355
0.423143355266
0.42393594606
0.424297878998
0.425801195326
0.427305747438
0.427449678363
0.427464665884
0.428864543784
0.429013271539
0.429304067734
0.429912702958
0.430325437726
0.430370131452
0.432473403714
0.432680819864
0.433783096115
0.43385243192
0.435088961072
0.436197651281
0.436521273585
0.436866734157
0.437165536868
0.437653748225
0.438592739691
0.44065895299
0.441003353344
0.441159125699
0.441866736587
0.442044538287
0.44241248584
0.443120295639
0.444549572393
0.444950976367
0.446795630005
0.447056788594
0.44707047408
0.447165364373
0.45196033152
0.452910433117
0.453233727005
0.453354023962
0.455377277734
0.456179295477
0.456470304526
0.456873110443
0.457869746724
0.457923135773
0.458020741672
0.460396355414
0.461050890846
0.461135182838
0.461538166056
0.461767078752
0.462443640511
0.462451859812
0.462677855619
0.463101891731
0.464379144696
0.46488130719
0.465310120218
0.465393015283
0.466022553329
0.466107165937
0.46679775203
0.467775866248
0.468965044981
0.469132451167
0.469273002561
0.469918596496
0.470310994056
0.470378293484
0.471658466029
0.472091910857
0.473232318059
0.473407257607
0.473678969166
0.476020288325
0.476870609531
0.477185303282
0.477294725926
0.477898932696
0.479606624877
0.479775864531
0.481386513973
0.481931241678
0.48298113259
0.484705820055
0.484894422649
0.486742453939
0.48683846307
0.487349027688
0.487988496678
0.490074151467
0.490119418545
0.490171004594
0.490260011998
0.490275266175
0.490444752541
0.490974349635
0.491670770432
0.49177082503
0.491807846322
0.491833670771
0.492007229293
0.492054037464
0.492076241948
0.492677582942
0.492682116131
0.493069909891
0.493982917116
0.494273896465
0.495226969248
0.495442693181
0.495501163787
0.497553495703
0.497886108272
0.497923950007
0.49922481964
0.499316256698
0.499759260961
0.500070529761
0.500085052065
0.500830546033
0.501584110445
0.501637700562
0.501854087088
0.502028150111
0.502303038173
0.503373347446
0.503454236227
0.503532196045
0.504355890882
0.505445875914
0.506202835415
0.506231276581
0.507130319285
0.507297620615
0.508265612296
0.50854819078
0.508644378703
0.508648286414
0.509270779906
0.50978963126
0.509976120753
0.51041773368
0.510624097542
0.510684708918
0.510762352886
0.510785320879
0.51180328063
0.512864054658
0.513534786411
0.513775023966
0.513846227915
0.514173312073
0.514405669146
0.516506703118
0.516637699158
0.516898205888
0.517523326573
0.517751477233
0.51921613551
0.519337515546
0.519920576935
0.520777044298
0.520934611008
0.521152416936
0.522277122462
0.522721363187
0.523703787187
0.52522040548
0.525243121586
0.525548464164
0.525934984574
0.526798264629
0.528510942219
0.529355008428
0.529861687372
0.53100360694
0.532294417117
0.532698683673
0.533027210705
0.533417478085
0.533419052896
0.533826530255
0.534119674898
0.534591754076
0.535432819508
0.535444181199
0.536404538758
0.536440550573
0.537389123338
0.537703790179
0.538791511497
0.538791718015
0.540011504619
0.540096987412
0.541571412373
0.542114917491
0.542395441355
0.542523291995
0.54261342175
0.542723102921
0.543192561761
0.543604482183
0.543809619875
0.546276881953
0.546573391466
0.546982494648
0.547331750686
0.547582108482
0.547603911289
0.548580054709
0.548678874616
0.549306370997
0.54997630299
0.55044418027
0.551220379424
0.551791259451
0.55227127285
0.552595118347
0.554523111079
0.554855220034
0.554952180195
0.554967082493
0.555306790476
0.55534837405
0.555783242784
0.557228370707
0.55776608191
0.557952106419
0.562036488069
0.56247856484
0.56321399837
0.563458202642
0.565290512547
0.565319508405
0.566125625584
0.568050397861
0.568471195733
0.568948197624
0.56950192495
0.569592816356
0.56987702796
0.570577365611
0.571206833355
0.571653315194
0.572050126724
0.573059610027
0.573233630772
0.573705220376
0.574415162702
0.574571187726
0.57575920287
0.576284891861
0.57682959868
0.576834404948
0.57779669551
0.578316114005
0.579492757671
0.580168604612
0.581022169422
0.581557344628
0.582415175106
0.582732997531
0.583009141115
0.58337735954
0.583712982967
0.584570707992
0.584635359218
0.589019911733
0.590191422346
0.590837171108
0.591207114378
0.591560047828
0.591927282173
0.592443303983
0.592589153423
0.592744748214
0.5927832763
0.593359257556
0.593408931909
0.594361454511
0.594479122053
0.594576665459
0.595225072239
0.595359220773
0.595598377444
0.595702178587
0.597484956891
0.598909631116
0.599420779711
0.602263829637
0.602921413948
0.603883421153
0.605505562626
0.606622969879
0.607172599598
0.607326540682
0.607537018142
0.607685335564
0.607766996873
0.608065665878
0.608322648855
0.608344451323
0.609227035843
0.609961158991
0.6117487441
0.612274882737
0.612744860812
0.613009156359
0.613391553435
0.613410798742
0.613761708408
0.613849350076
0.614437912852
0.615377942186
0.616066295624
0.61621919517
0.616981541603
0.6170013088
0.617044135867
0.617315501898
0.617568823394
0.620206937795
0.620749705533
0.620761706823
0.621727753106
0.623699745599
0.625056548599
0.626130750792
0.627260161235
0.627632148762
0.6289523566
0.629030250159
0.629816799121
0.630138018402
0.630161286239
0.631591779142
0.634785922756
0.635071844587
0.636867890112
0.637229404807
0.637314097297
0.638077057341
0.638840315798
0.639099409474
0.639966394546
0.640238531426
0.641673303297
0.642343154181
0.642808386873
0.642841714172
0.642904005441
0.643321240548
0.643341129463
0.643696294152
0.644417631003
0.64490894859
0.644973064964
0.644989651706
0.645022277559
0.645697236882
0.646979244441
0.647346425718
0.647550756248
0.647664372113
0.648360292408
0.648656219504
0.649204062873
0.649219498243
0.649546147569
0.6503331301
0.650602702369
0.652382709072
0.655201282899
0.655563019572
0.655697410921
0.656086262145
0.656318851208
0.656388482945
0.656616151906
0.656655845131
0.656927897562
0.657003317143
0.657660631247
0.657691181941
0.658773061914
0.658929405085
0.66013953372
0.660687990554
0.661941908265
0.6619965054
0.66201737409
0.662279472364
0.663123908722
0.663789665173
0.664266684527
0.665082255801
0.665122506621
0.665965702963
0.666267625279
0.667058265028
0.667682621393
0.667756043041
0.667846115968
0.668630284954
0.66902825302
0.669925954702
0.669976862456
0.67044219819
0.670962124282
0.67146001071
0.672010208626
0.672697762526
0.675445364265
0.675655368723
0.675889095702
0.679138199831
0.67988480969
0.680163194945
0.680469387054
0.681501420763
0.682696686379
0.683140149111
0.683656765251
0.6843713728
0.684487465217
0.684590714941
0.685005095595
0.68515368489
0.685198414098
0.685980973672
0.686632186501
0.687170543225
0.691508558697
0.691751588243
0.692236755799
0.692487643878
0.693065458146
0.695614730324
0.695639055228
0.696149592873
0.696221328377
0.696226965897
0.696705626985
0.696758279392
0.696817773851
0.69709277638
0.697563105659
0.698256893734
0.698427644983
0.698677836677
0.702023825522
0.702316257588
0.706732640966
0.707231750177
0.709357749207
0.711016017116
0.711030996393
0.711463200243
0.713735587247
0.715853637587
0.7160322786
0.717171751745
0.718062235401
0.719113484846
0.719132197215
0.719844516161
0.719882451975
0.71995880835
0.720395108433
0.720829873557
0.721106056773
0.722041096072
0.722314906642
0.723491227905
0.723534923535
0.724240707062
0.724596877079
0.724665924267
0.725183635328
0.725545371607
0.726769027397
0.727570308483
0.728883288598
0.72972111211
0.73001969538
0.732482282493
0.732690508465
0.733554567978
0.73406584367
0.73426070167
0.734732289616
0.736741558801
0.737370837218
0.737389373661
0.737634003521
0.738497969166
0.739072920378
0.742086893443
0.743016836725
0.743178731436
0.743199526985
0.743879287968
0.745122897576
0.74578897932
0.747004253555
0.748203680844
0.749074062051
0.749788706756
0.750924144933
0.751465783555
0.753186989491
0.75380405791
0.754539517202
0.755889503857
0.755988237936
0.756645566057
0.756817444334
0.757366611949
0.757626552457
0.757929853937
0.759126202358
0.759779171147
0.759780607399
0.759869724341
0.761079048171
0.762714313569
0.763417763172
0.76439177245
0.764400104671
0.764555328416
0.765546435377
0.76801554919
0.768830439474
0.768932244024
0.768963325352
0.769549183464
0.770966065763
0.771267816141
0.773389212996
0.773406294945
0.773421634661
0.773662573434
0.773909653188
0.774630618585
0.774713765608
0.775374672702
0.776817700716
0.777160629692
0.77739794171
0.777536699443
0.777563351593
0.777768337751
0.7785495955
0.780324171418
0.781228165699
0.781277732482
0.783212303712
0.783711484885
0.784210336359
0.784780285588
0.785165933498
0.786234958602
0.786433442392
0.786920254228
0.787454324729
0.787553088099
0.788399578125
0.788770104057
0.789218762817
0.789478440617
0.790724657827
0.79130811556
0.792682369439
0.793672389435
0.79559303816
0.799382765497
0.800452392453
0.80188429378
0.802043607424
0.8020929368
0.802099786227
0.803091880679
0.80324324798
0.803376573656
0.80459629343
0.805112490314
0.805238246516
0.806637089991
0.806653071503
0.807260014886
0.807294696845
0.807399873497
0.807947116382
0.809799285343
0.810098952311
0.811977911498
0.812113702121
0.812589007727
0.812769711047
0.813703472272
0.814515782021
0.814996462742
0.816166526707
0.8164111163
0.816499534771
0.816543538605
0.817036114544
0.818955674886
0.821827564198
0.821901879639
0.822701580331
0.825285635811
0.826884329456
0.828306962546
0.830684942486
0.831049134007
0.832659633351
0.833169412194
0.83362395818
0.833624720914
0.834478850981
0.836001631487
0.838269736002
0.838541294738
0.838729866645
0.838738000326
0.838961315426
0.8389857235
0.841740391336
0.841747903751
0.842547994145
0.84282016835
0.842880819344
0.844119586054
0.84667452578
0.84798947424
0.848726229762
0.84876605722
0.849497925834
0.849570181399
0.850096809363
0.850398659278
0.850432521843
0.851461812195
0.853585289273
0.854566887862
0.854634314878
0.856146787235
0.857163171183
0.857244172008
0.857557149121
0.857691390013
0.857759873162
0.858436111259
0.859398137033
0.862186390655
0.862420841976
0.863898236469
0.865886788352
0.866145561111
0.868475495917
0.870983929961
0.871775012716
0.87203514698
0.873266699417
0.873339440601
0.875474101413
0.876141894356
0.876497618589
0.876617268835
0.877799820006
0.878710273415
0.879132850238
0.880271494915
0.880731010293
0.880878232593
0.881863010859
0.882193136146
0.882855693036
0.882958981169
0.883040221093
0.883714198644
0.883895812955
0.885380843374
0.885580786015
0.885962469999
0.887034995291
0.887042789231
0.891902377278
0.891906667727
0.892275848303
0.893074682828
0.894058178413
0.894929898726
0.895804498374
0.896850984433
0.899241045849
0.899643199146
0.90095842699
0.901284328586
0.902244324987
0.902755778995
0.903316235327
0.904421745245
0.904515726501
0.904904797334
0.906178731418
0.906383853828
0.907086255879
0.907600739225
0.908055971447
0.910367978094
0.910373869991
0.911309501584
0.912355444539
0.913259938167
0.913835412027
0.914297890904
0.915842811004
0.91722610875
0.917280673265
0.918001482327
0.918838281918
0.920575143017
0.923155690655
0.924944206523
0.925219280199
0.927005034002
0.927199615938
0.927777638282
0.928238572894
0.929796991788
0.930100335737
0.930196679546
0.930499512884
0.930936420151
0.931193527091
0.931544775278
0.932380046356
0.933610653349
0.933699232533
0.934360368114
0.934783253566
0.936064123653
0.936364744211
0.936437468588
0.93644532726
0.937755827741
0.937814304201
0.937935903335
0.939461311344
0.940223259802
0.94043868096
0.940519516611
0.941260545223
0.941368657774
0.94368412955
0.944344279608
0.944547459895
0.944702072215
0.946034663287
0.946773886586
0.947728086103
0.947974576399
0.948348809696
0.948627620998
0.950234506962
0.9503101393
0.950467776219
0.950505675138
0.951058637612
0.953240590355
0.953653501256
0.953737307404
0.954572082694
0.955586019169
0.9576597676
0.961619634004
0.963330926488
0.963736377308
0.964003990834
0.964277254809
0.965139603045
0.967623303652
0.968001156433
0.96901970385
0.969384865635
0.970328104165
0.970625323695
0.971128985256
0.971444456693
0.972828271014
0.973441262181
0.974361733681
0.975105868129
0.975300382521
0.975748422861
0.977075288985
0.977320838045
0.977584206847
0.978179537026
0.978966123656
0.979092334521
0.979963693984
0.979997441636
0.980112683816
0.980347270998
0.981066234535
0.981688107188
0.982294050506
0.982454141725
0.98397382373
0.98437108688
0.985020307764
0.98526608137
0.986367139068
0.98661638755
0.986919420103
0.988670202425
0.990085752928
0.991017760291
0.991728402768
0.991743742843
0.992546935489
0.992588859813
0.993448140883
0.993487887117
0.996979445487
0.997966305642
0.998317164449
0.998672809219
0.999429537763
0.999455615003
0.999456067336
0.999913448602
1.00188568679
1.00274732562
1.0033455527
1.00337128472
1.00420692866
1.00534120385
1.00567766998
1.00884305838
1.00959245031
1.01112042522
1.01199640773
1.01200382952
1.01559834634
1.01606825997
1.01654999742
1.0166014737
1.01714162455
1.01722608596
1.01804367399
1.0181658932
1.01827659377
1.01828379851
1.01884521312
1.01988124561
1.02128038227
1.02130522573
1.02240498866
1.02253636435
1.02426876115
1.0243733198
1.0257574532
1.02635395953
1.02770824986
1.02934403906
1.03144115524
1.03158186004
1.03204998324
1.03318077542
1.03419056415
1.03508221332
1.0354795552
1.03656816786
1.03864123721
1.03866890855
1.03891349149
1.03936154418
1.0400582883
1.04014809504
1.04283563927
1.04330492873
1.04341595321
1.04349184802
1.04442648358
1.04523625345
1.04561933108
1.04653787386
1.04844556873
1.04954255043
1.05163837165
1.05174703759
1.05266086679
1.05297308253
1.05445860265
1.05457507439
1.05504416944
1.05598990578
1.05639831298
1.05822788185
1.05893235507
1.06013427774
1.0602663563
1.06154886688
1.06223754415
1.06240577358
1.0629386118
1.06322508118
1.06330951424
1.0647980794
1.06585900203
1.06790497315
1.06793774058
1.06892698095
1.06916358036
1.07061375424
1.07267108332
1.07462094339
1.07594543501
1.07611764669
1.07679035531
1.07713866613
1.07778518878
1.07838978302
1.07917690535
1.07925248688
1.08230328693
1.0829704335
1.08454698847
1.08553876009
1.08632859484
1.08724334632
1.08806745759
1.08836820604
1.09065339802
1.09142299075
1.09345033849
1.09511524223
1.0952944982
1.09567944435
1.09845357754
1.09996712776
1.10017465206
1.10084329436
1.10146748122
1.10149546457
1.10316147926
1.10327622638
1.10414059439
1.10530386624
1.10671048385
1.10811935504
1.10841230881
1.11304192807
1.11360495997
1.11373945316
1.11381440538
1.11390415265
1.11507914902
1.11543860372
1.11683351538
1.12084520657
1.12191016558
1.12236832677
1.12279521786
1.12451098169
1.12688982306
1.12739069216
1.12743884389
1.12939928078
1.12968792964
1.1305212513
1.13105900746
1.13128654069
1.13167016675
1.13191939903
1.1330506608
1.13417763353
1.13519960833
1.13685982547
1.13832666013
1.13975645281
1.14059361513
1.14184819584
1.14294873653
1.14375448029
1.14505399528
1.14562599137
1.14671847711
1.14857952886
1.14901214326
1.14931960089
1.14947746899
1.15037773521
1.15551165651
1.15559451546
1.15667967971
1.15674378835
1.15805956842
1.15853335223
1.15883089157
1.15981476922
1.16038440573
1.16049213952
1.16130244462
1.16314827844
1.16341915533
1.16404810227
1.16501309671
1.16860651742
1.1688281941
1.16935596748
1.16988684886
1.17044366742
1.17050318608
1.17064877519
1.17326594452
1.17327000486
1.17376505635
1.17497318807
1.17544622381
1.17622504426
1.17653442877
1.17708267498
1.1782004969
1.17878976309
1.17906441644
1.17972572347
1.18114023511
1.18138910793
1.18222810851
1.18379577262
1.18545248012
1.18573734552
1.1864112778
1.18696117845
1.18901789455
1.19075673188
1.19530726788
1.19685706573
1.19734763796
1.19840487117
1.19875793049
1.19948900395
1.20009521053
1.20088214551
1.20111689789
1.20236536095
1.20358685766
1.20568351166
1.20628057356
1.20676045846
1.2085959737
1.21022909871
1.21183898388
1.21264712539
1.21384277733
1.21393363565
1.21704981609
1.21939790741
1.22097176473
1.22163100389
1.22317079447
1.22371081798
1.22436410388
1.22451159829
1.22743533183
1.22913653626
1.23154535274
1.23156566037
1.23198911342
1.23495904892
1.23501396612
1.23573431743
1.23648537647
1.23715964861
1.23733777365
1.2387695269
1.23952366854
1.24081997529
1.24110774024
1.2425232353
1.24398229547
1.24516100887
1.24660074771
1.24689212276
1.25297463767
1.256854084
1.25876909118
1.25913129075
1.25960324527
1.26275015333
1.26483263965
1.2668176392
1.26689138754
1.26767821346
1.26867219511
1.27235236837
1.27245967283
1.27286530266
1.27372451281
1.27542407297
1.27623405593
1.27669038308
1.27804716346
1.27990043581
1.28074976974
1.28121175546
1.28240006285
1.28252173096
1.2832886207
1.28480054579
1.28494269589
1.28529603811
1.28574465453
1.28632795847
1.28716314974
1.28785004701
1.28850388981
1.2909838989
1.29128816702
1.29192499187
1.29266352271
1.29349725558
1.29619997339
1.29643964348
1.2999020012
1.30108343489
1.30241854093
1.30340580441
1.30457027293
1.30489624707
1.30497887731
1.30684928007
1.30697463107
1.30785664665
1.31405094346
1.31640969336
1.31732510908
1.31797967006
1.31897773381
1.31970133355
1.31998359782
1.3236462711
1.32370064327
1.32419983068
1.32487144967
1.3256516127
1.32858741457
1.32904692533
1.32991457386
1.32994274741
1.33022507736
1.33024949743
1.3314360115
1.33305178112
1.33427969368
1.33529645661
1.33604735788
1.33896283796
1.34273145219
1.34295031389
1.34309159466
1.34428654031
1.34454938644
1.34510285855
1.34521261239
1.3469847669
1.34762969291
1.34791304026
1.35050919196
1.35074688696
1.35079143546
1.35269339103
1.35288586821
1.35348345107
1.35394732176
1.35524483625
1.35594055687
1.35630640116
1.3567752116
1.36067820648
1.36122891326
1.36204871556
1.36361413539
1.36388661344
1.36513676463
1.3652876986
1.36713982856
1.36834014498
1.36856625785
1.37355329298
1.37375284181
1.37384159739
1.37566264318
1.37624913072
1.37632445689
1.37754828248
1.38038257217
1.38281207398
1.3833206603
1.38332544562
1.38514750512
1.38823044298
1.38978875539
1.39140415345
1.39240885753
1.39287415747
1.39299306096
1.39448724857
1.39464413434
1.39499325525
1.39637480978
1.39707038091
1.39868034694
1.39908345
1.39931240494
1.40049633647
1.40352536868
1.40436084153
1.40625056289
1.40663744986
1.40921719302
1.4104312404
1.41630306481
1.41727375463
1.41767239769
1.41874247668
1.42154133627
1.42312771804
1.42511642565
1.42676223849
1.42710342346
1.4272689824
1.42810004428
1.43440001862
1.43481108705
1.43517952528
1.43708542634
1.43736668952
1.43837906629
1.43945411566
1.4397500272
1.44107912499
1.44158830946
1.44174677624
1.44295230805
1.4436542177
1.44576218427
1.44712331671
1.44721445491
1.44770326967
1.4482021316
1.45688712191
1.45722978894
1.45738341523
1.45987186131
1.46000120016
1.46731167705
1.46751589323
1.4682079047
1.46836096343
1.47018417184
1.47413925453
1.4754640481
1.47695614939
1.48051653598
1.48072771258
1.48104134188
1.48231179058
1.48375884981
1.48718065116
1.48737240125
1.48777563483
1.4890811514
1.48913284914
1.48920425768
1.49016089567
1.4911596937
1.49168540283
1.49336972269
1.49568085567
1.49706401352
1.49712762409
1.50121523778
1.50149547175
1.50201983475
1.50440235037
1.50574398006
1.50575209452
1.50631220819
1.50839294656
1.510536366
1.51075140627
1.51245647191
1.51308044472
1.51615529008
1.51789796456
1.51816713036
1.51896079698
1.51930588289
1.52227809905
1.52541574856
1.52581003606
1.52592472447
1.52688093923
1.52779467044
1.52793580792
1.5294884854
1.53049609155
1.53064684292
1.53109065547
1.53134678834
1.53372100198
1.53565444526
1.53651321276
1.54015164853
1.54036206822
1.54213634988
1.5434112512
1.54426815366
1.54995065484
1.55093045499
1.55183967493
1.55450926647
1.56218740746
1.56381125466
1.56716582587
1.57391379571
1.57780298089
1.57799088657
1.5782581432
1.58184427094
1.58359948155
1.58538369661
1.58578326446
1.58595339018
1.58634015461
1.58883133254
1.59056696612
1.59210739132
1.59850474322
1.60043819117
1.60497342534
1.60539785922
1.61047934786
1.61172576412
1.61246898545
1.61268339736
1.6138779922
1.61509016244
1.61535051808
1.61713715946
1.61815854022
1.61906698421
1.62164979893
1.6224860892
1.62560732152
1.62672783088
1.62808216437
1.63009905024
1.63034580828
1.63034652016
1.63491003682
1.6351098656
1.63607128228
1.63614576186
1.63641160593
1.64038115475
1.64117287027
1.64237833358
1.64654896152
1.64813681725
1.65025620399
1.65033207901
1.65345073758
1.65527952499
1.65923028775
1.66492295541
1.66930641918
1.67050235377
1.67343828093
1.67464885681
1.68385803547
1.68394615098
1.68429929856
1.68560761302
1.68615431499
1.69223845781
1.69445602306
1.69514075261
1.6974546393
1.69746925794
1.69764404391
1.69826850717
1.69838377633
1.7051814255
1.7080911643
1.70994659716
1.71294417702
1.71684510688
1.71737257702
1.71903360798
1.71951062472
1.72313635881
1.72327441537
1.7260280558
1.72717285468
1.72850142074
1.73797056665
1.73904817204
1.73918776909
1.74020436082
1.74101548337
1.74119740198
1.74238891233
1.74261855932
1.74488952616
1.74517435365
1.7454769182
1.74617745106
1.74823980651
1.74872472852
1.7530431085
1.76039234273
1.76054922099
1.77106114516
1.77251682473
1.77464300574
1.77736569915
1.78029702806
1.78261201982
1.78370945282
1.78766935892
1.78834414677
1.78935951761
1.79255620184
1.79375463158
1.79899243122
1.80013380899
1.80289305155
1.8046314773
1.8072396064
1.8076720041
1.80819789199
1.8175192582
1.81974661024
1.82053143252
1.82179582662
1.82281947584
1.82339782866
1.82457878296
1.825331337
1.82707303988
1.82819372519
1.83589231865
1.83724402189
1.83748209165
1.83925128269
1.84527678772
1.84794724617
1.84997954327
1.8521024668
1.85243734282
1.85706011982
1.86119203974
1.86139099716
1.86287371716
1.86353164418
1.86427885267
1.86512361028
1.86714576045
1.87180920258
1.87342712182
1.87541225116
1.87618719812
1.88415228773
1.88657579267
1.88672812431
1.89029615555
1.89982762504
1.90383664477
1.90414865921
1.90764175069
1.91286481921
1.91778236068
1.91890684767
1.92222237926
1.92294885358
1.92651875247
1.92655185583
1.92688966802
1.92744036044
1.9338934908
1.93398389222
1.93553631095
1.94153843422
1.94471975646
1.94973739673
1.95378321085
