-0.191375561466
-1.12608971671
0.539850435129
-0.286118553151
-2.79811643073
-0.574042850722
-0.650820551275
-1.69065749515
-0.430570660142
-1.44969575228
0.0933852234862
0.950674929277
-0.315947200436
-0.0684916299244
-1.94629678076
-0.882850657812
-1.45588508922
-1.58722885031
-1.16611378205
-0.612593584696
-1.19145732608
-1.97407153744
-2.2221764036
-0.594082147717
-2.50053915069
-1.13726150581
-2.88278852322
-0.78689268647
-1.74869156644
-0.681586332529
-1.13537079764
-1.42808621097
-1.20084062855
-1.0297660133
-1.51912911738
0.102588863319
-0.846595012699
0.0522687778266
-1.39054140252
-1.10419887752
-1.08186198985
-0.947433308497
-0.0373716625958
-0.34107937697
-0.585393034994
-1.49634859152
-1.54003055691
-1.84167387667
-0.927008025603
-2.16760336263
-0.586822404044
-1.64912382787
-1.8245864895
-3.03003555978
-2.24217655724
-0.561024616299
-1.83753088678
-1.73519367363
-1.56370473522
-1.65327303546
-0.777543424132
-1.54852414237
-0.0365228610898
-0.691833058904
-0.385150393781
0.26198817397
-1.20570139662
-3.72561132985
-0.837215381288
1.63771251365
-1.00184692654
-0.388440599039
-0.438339103554
-0.0324065868165
-1.09716814979
-1.70033663404
0.770614807761
-0.0322986648546
0.916207886323
-0.652639853075
-1.29406640427
-0.675819131221
-0.324233528799
0.351212451992
-0.495748569883
-1.56821825294
-1.25601843693
-3.00549861767
-0.980587562777
-1.35989824501
-0.219762667855
-0.440980878713
0.160304822916
-0.627837057961
-0.458262705856
-0.634826436088
-1.92566610145
-0.276832283713
-0.908087374317
-0.804884082436
-1.00471333685
-1.36694139082
0.0197236074272
-0.179963233348
-0.831892740816
0.230449862009
-1.48060576548
-2.17749237998
-0.854526080722
-1.41174687184
-0.773376550521
-0.417152417494
-1.66083425263
-0.693569907867
-0.07339097856
-1.76664752308
-0.266910188883
-0.368770151064
-0.535146436602
-1.73637678374
-1.73220025162
-1.10755768696
-1.17852141943
-0.964048300249
-0.224624354182
0.183889572297
-0.322522781053
-0.986306738557
-0.328209891091
-1.0818316277
-1.64379058452
-0.410861637799
-1.33065754784
-1.30043652929
-1.87289379428
-1.44539944555
-2.99972671402
1.41804299923
-1.76906212676
0.765805660102
-0.864942372067
-0.595328261737
-2.7312691725
0.765895271779
1.2628806779
0.383584353117
-1.9285914441
-0.275383363217
0.86825760351
-1.476763124
1.67636517904
1.34486189219
-0.962036279075
1.73551948104
1.93002126393
1.33547842615
0.0109919568593
-0.148506670924
0.974370243875
2.21568479405
1.60189441289
1.42414879095
-0.518860785584
0.523383543453
-0.118554038388
1.08414323313
1.14673413167
1.6793093838
-0.0855707715433
0.647815227872
0.357428580479
1.96175601787
1.94633813252
0.408295601359
0.8255228688
1.59518786157
-0.113805539501
-0.00408118374222
-0.795679409368
0.501935937557
1.09630720887
0.563621396938
2.61650287071
0.889934796515
-0.262303328954
1.80353938036
0.0492939221387
0.102842874699
1.36985168331
1.78325524438
0.401228223065
-0.0519871141661
0.355863098577
0.422927802596
1.27825602799
2.35638190505
-0.119428314767
0.868853953955
0.792379025872
0.850899038336
1.90900597399
-0.299755161182
1.32282683119
1.97070878178
0.665396473869
1.51732516835
1.32453315653
0.676985323268
0.920036394885
0.250289675678
1.96332647361
0.888103184096
0.574174448951
0.575323578313
1.83709003311
1.84973515201
0.977692602726
2.79093259212
0.45901795079
0.237520387692
2.08846222774
2.44481528548
0.301439944507
1.04877817426
1.18795643207
0.388474670705
0.293769802755
-0.917741604743
0.575315333775
0.735960830498
1.45368415907
0.158021896095
-0.589837419835
0.920407609547
1.62031278364
0.592508351368
1.73618360257
0.555281851646
0.992867359797
0.811345857648
3.09361073013
0.291705609062
1.03461249014
1.50399035656
-0.1698690207
0.938450333323
2.37219655614
3.53945509843
1.82101751266
2.00183043883
1.43034916567
0.997605586329
0.351652610271
0.870332343346
1.13980996582
1.53587389654
-0.910214406709
1.29817331061
-0.0656323853816
1.04742437058
0.497201724738
0.0914025143894
1.18777148718
0.884424720014
0.796386289761
1.66724242622
1.39861998669
-0.0115157467191
1.44362366192
1.01030680006
0.652952670249
0.973988516941
-0.50115221274
2.08989880137
0.463493876972
2.00783237652
-0.903578174429
2.92459772286
0.933685288378
0.774553002679
2.03518348193
1.89524368631
1.25646175815
0.47554190497
2.4443813914
1.21638944537
1.18616080913
1.80469900327
1.54462482518
1.3243979658
-0.0635386652265
1.44277907144
0.373884060885
0.215354788497
1.3168077154
1.89334478602
2.25751223642
1.08152436735
1.18069695333
1.49123270673
